24731
25
7289
16359
133598
28755
8124
16658
29192
1313820
27437
136621
22293
12206
31531
29195
27910
4222
16277
8190
19801
4017
14032
21712
19231
22590
11671
13328211
1321934
29704
12166
2569
23052
11992
29796
14274
13320246
11548
13322067
25465
22643
12897
7161
22222
11324
21394
9549
27521
10089
1334334
17056
19411
15610
5067
18001
23709
11241
3084
1336767
11565
10195
13326979
26443
2276
24672
27719
5829
1680
4983
19124
16468
12682
5668
25766
18898
10383
68
17491
18701
120063
26358
1326155
29198
26647
13320929
1168
7719
17743
22149
25429
14270
19955
2083
22264
5852
4578
9196
928
6773
13896
13310698
4053
2677
23740
19248
18177
3727
24600
1323747
26538
17860
796
14021
1336509
19125
27842
12358
18106
12458
3679
8457
22097
17758
20350
5687
9104
7036
9670
15385
25162
11491
3239
32565
27888
12935
946
133320396
20488
10850
30546
24399
1739
3633
3568
12268
135487
11723
10528
31487
31794
21316
19854
22840
20262
3269
7590
1326033
32447
14377
21254
22763
7454
13311352
25253
22414
11291
7268
14272
28893
16405
4197
12680
1337128
2299
889
4116
20365
10975
26387
23338
14568
32280
2839
19318
2603
23618
11502
13315553
5642
16964
9666
5730
1222
6479
17864
21152
32349
5014
6224
8138
19315
6349
23694
30488
6398
32356
16166
17728
19125
1920
8313
216
2102
26814
29618
19054
28921
19366
655
29289
8953
3569
8688
158
28
14459
8992
6577
24167
27142
3559
24114
3810
12724
28492
8051
26444
5443
18730
1579
14975
16134
28281
1740
27553
4007
22618
16292
2064
3998
16351
7350
5131
31856
2208
23893
30241
28072
18431
22406
11610
19862
30006
5395
15911
8650
3621
9839
522
24399
15581
18253
17924
18088
18924
12543
25539
908
13326470
13967
16776
3169
8376
1695
25818
32121
1331532
12032
1004
27662
4923
15893
16847
1327902
17046
7654
343
19271
6899
1283
31439
10818
16792
6431
92
4000
30633
8040
7474
4389
23345
22183
31608
8742
11505
22300
15612
15555
9964
5143
12950
25317
12206
23382
7774
13047
30304
28194
27789
3171
117293
4136
13892
32723
2738
10264
13326783
1828
2183
19967
1328806
1316682
31248
25445
32761
11559
14434
4390
28681
8712
17718
18193
30519
32101
1335167
6466
29086
17974
7403
5951
32735
16214
459
30933
10448
9658
22403
15536
27108
5742
22880
5309
25176
22611
5724
15424
1315
1434
1325316
5044
32155
20735
7011
7782
13713031
25286
13918
15824
5672
2422
20111
18102
10086
13314936
137046
19458
23868
7598
29539
15200
23364
8884
4876
13310137
9024
22360
3694
23729
11533
32696
6221
